1769786063686 0.570588231086731 0
1769786063792 0.5823529362678528 1
1769786063920 0.6088235378265381 2
1769786064041 0.6323529481887817 3
1769786064154 0.7147058844566345 4
1769786064277 0.7088235020637512 5
1769786064427 0.7117646932601929 6
1769786064710 0.7470588088035583 7
1769786064885 0.7911764979362488 8
1769786065041 0.8117647171020508 9
1769786065213 0.8147059082984924 10
1769786065360 0.800000011920929 11
1769786065475 0.8147059082984924 12
1769786065582 0.8264706134796143 13
1769786065823 0.8647058606147766 14
1769786066039 0.8500000238418579 15
1769786066194 0.8676470518112183 16
1769786066287 0.8647058606147766 17
1769786066376 0.8705882430076599 18
1769786066471 0.8823529481887817 19
1769786066570 0.8735294342041016 20
1769786066667 0.8705882430076599 21
1769786066759 0.8970588445663452 22
1769786066894 0.8911764621734619 23
1769786067053 0.908823549747467 24
1769786067192 0.8705882430076599 25
1769786067292 0.9323529601097107 26
1769786067390 0.9147058725357056 27
1769786067488 0.8999999761581421 28
1769786067589 0.9147058725357056 29
1769786067681 0.9147058725357056 30
1769786067771 0.9058823585510254 31
1769786067866 0.9147058725357056 32
1769786067969 0.9352940917015076 33
1769786068066 0.929411768913269 34
1769786068165 0.9205882549285889 35
1769786068269 0.9176470637321472 36
1769786068506 0.9176470637321472 37
1769786068713 0.9382352828979492 38
1769786068893 0.9382352828979492 39
1769786068988 0.9029411673545837 40
1769786069094 0.9352940917015076 41
1769786069187 0.9352940917015076 42
1769786069281 0.9264705777168274 43
1769786069384 0.9235293865203857 44
1769786069483 0.949999988079071 45
1769786069604 0.9382352828979492 46
1769786069747 0.9382352828979492 47
1769786069856 0.9352940917015076 48
1769786069954 0.9352940917015076 49
1769786070048 0.9323529601097107 50
1769786070159 0.9441176652908325 51
1769786070253 0.9529411792755127 52
1769786070349 0.9470587968826294 53
1769786070439 0.9382352828979492 54
1769786070542 0.9588235020637512 55
1769786070638 0.9411764740943909 56
1769786070732 0.9441176652908325 57
1769786070825 0.9470587968826294 58
1769786070922 0.9529411792755127 59
1769786071047 0.9529411792755127 60
1769786071187 0.9588235020637512 61
1769786071422 0.9558823704719543 62
1769786071662 0.970588207244873 63
1769786071917 0.949999988079071 64
1769786072031 0.9588235020637512 65
1769786072124 0.9264705777168274 66
1769786072216 0.9529411792755127 67
1769786072306 0.9588235020637512 68
1769786072405 0.949999988079071 69
1769786072510 0.9529411792755127 70
1769786072612 0.949999988079071 71
1769786072708 0.949999988079071 72
1769786072807 0.9558823704719543 73
1769786072912 0.9470587968826294 74
1769786073031 0.9617646932601929 75
1769786073122 0.9352940917015076 76
1769786073214 0.9558823704719543 77
1769786073304 0.9529411792755127 78
1769786073403 0.9588235020637512 79
1769786073577 0.9558823704719543 80
1769786073730 0.949999988079071 81
1769786073828 0.9470587968826294 82
1769786073924 0.9617646932601929 83
1769786074041 0.9558823704719543 84
1769786074198 0.9617646932601929 85
1769786074320 0.9588235020637512 86
1769786074420 0.9617646932601929 87
1769786074514 0.9470587968826294 88
1769786074610 0.9617646932601929 89
1769786074719 0.9735293984413147 90
1769786074818 0.9558823704719543 91
1769786074929 0.9470587968826294 92
1769786075045 0.9676470756530762 93
1769786075133 0.970588207244873 94
1769786075223 0.9735293984413147 95
1769786075317 0.9617646932601929 96
1769786075429 0.9617646932601929 97
1769786075621 0.9617646932601929 98
1769786075725 0.9676470756530762 99
1769786075824 0.9647058844566345 100
1769786075920 0.9588235020637512 101
1769786076015 0.9735293984413147 102
1769786076108 0.9735293984413147 103
1769786076198 0.9735293984413147 104
1769786076292 0.9588235020637512 105
1769786076383 0.9823529124259949 106
1769786076477 0.9617646932601929 107
1769786076574 0.9558823704719543 108
1769786076663 0.949999988079071 109
1769786076757 0.9735293984413147 110
1769786076864 0.9647058844566345 111
1769786076964 0.9588235020637512 112
1769786077054 0.9647058844566345 113
1769786077145 0.9764705896377563 114
1769786077237 0.9676470756530762 115
1769786077344 0.9676470756530762 116
1769786077436 0.9617646932601929 117
1769786077532 0.9529411792755127 118
1769786077628 0.979411780834198 119
1769786077721 0.9764705896377563 120
1769786077814 0.9735293984413147 121
1769786077904 0.970588207244873 122
1769786078002 0.9617646932601929 123
1769786078099 0.9764705896377563 124
1769786078194 0.9647058844566345 125
1769786078280 0.9676470756530762 126
1769786078377 0.9676470756530762 127
1769786078479 0.9617646932601929 128
1769786078619 0.9529411792755127 129
1769786078716 0.9617646932601929 130
1769786078810 0.9735293984413147 131
1769786078899 0.979411780834198 132
1769786078994 0.9735293984413147 133
1769786079098 0.9764705896377563 134
1769786079187 0.9852941036224365 135
1769786079277 0.9647058844566345 136
1769786079369 0.970588207244873 137
1769786079481 0.9823529124259949 138
1769786079602 0.9764705896377563 139
1769786079691 0.9676470756530762 140
1769786079786 0.970588207244873 141
1769786079890 0.9735293984413147 142
1769786079981 0.970588207244873 143
1769786080069 0.9676470756530762 144
1769786080178 0.970588207244873 145
1769786080266 0.9735293984413147 146
1769786080356 0.979411780834198 147
1769786080446 0.9735293984413147 148
1769786080539 0.9764705896377563 149
1769786080638 0.9735293984413147 150
1769786080730 0.9764705896377563 151
1769786080828 0.979411780834198 152
1769786080918 0.9764705896377563 153
1769786081012 0.9676470756530762 154
1769786081110 0.979411780834198 155
1769786081209 0.9764705896377563 156
1769786081339 0.9647058844566345 157
1769786081445 0.9647058844566345 158
1769786081560 0.9764705896377563 159
1769786081664 0.9823529124259949 160
1769786081757 0.979411780834198 161
1769786081848 0.970588207244873 162
1769786081946 0.9764705896377563 163
1769786082071 0.9764705896377563 164
1769786082181 0.9764705896377563 165
1769786082288 0.9676470756530762 166
1769786082405 0.9735293984413147 167
1769786082509 0.979411780834198 168
1769786082647 0.9735293984413147 169
1769786082747 0.9764705896377563 170
1769786082845 0.9823529124259949 171
1769786082934 0.9647058844566345 172
1769786083047 0.9647058844566345 173
1769786083153 0.9735293984413147 174
1769786083248 0.9735293984413147 175
1769786083353 0.979411780834198 176
1769786083476 0.9823529124259949 177
1769786083595 0.970588207244873 178
1769786083700 0.9764705896377563 179
1769786083812 0.970588207244873 180
