1769786063686 0.7356789708137512 0
1769786063792 0.6892375946044922 1
1769786063920 0.6646525859832764 2
1769786064041 0.6197575926780701 3
1769786064154 0.5743418335914612 4
1769786064277 0.5516634583473206 5
1769786064427 0.5605822801589966 6
1769786064710 0.5140514373779297 7
1769786064885 0.4607900381088257 8
1769786065041 0.46474534273147583 9
1769786065213 0.4257451295852661 10
1769786065360 0.43969276547431946 11
1769786065475 0.41233453154563904 12
1769786065582 0.4202045202255249 13
1769786065823 0.35568657517433167 14
1769786066039 0.3850248456001282 15
1769786066194 0.37274599075317383 16
1769786066287 0.35963839292526245 17
1769786066376 0.362763911485672 18
1769786066471 0.33390873670578003 19
1769786066570 0.31863364577293396 20
1769786066667 0.32228752970695496 21
1769786066759 0.31110620498657227 22
1769786066894 0.33268794417381287 23
1769786067053 0.29893746972084045 24
1769786067192 0.31139808893203735 25
1769786067292 0.27883926033973694 26
1769786067390 0.26715603470802307 27
1769786067488 0.25637727975845337 28
1769786067589 0.268289715051651 29
1769786067681 0.24515631794929504 30
1769786067771 0.2842414081096649 31
1769786067866 0.23465009033679962 32
1769786067969 0.2269720584154129 33
1769786068066 0.21884208917617798 34
1769786068165 0.2306196093559265 35
1769786068269 0.23046603798866272 36
1769786068506 0.22806136310100555 37
1769786068713 0.20278984308242798 38
1769786068893 0.2194395214319229 39
1769786068988 0.25208723545074463 40
1769786069094 0.21599926054477692 41
1769786069187 0.19757457077503204 42
1769786069281 0.21642862260341644 43
1769786069384 0.19833911955356598 44
1769786069483 0.17922431230545044 45
1769786069604 0.1932191252708435 46
1769786069747 0.18431922793388367 47
1769786069856 0.18905554711818695 48
1769786069954 0.19366863369941711 49
1769786070048 0.19187350571155548 50
1769786070159 0.1791798323392868 51
1769786070253 0.17350730299949646 52
1769786070349 0.17736899852752686 53
1769786070439 0.17447954416275024 54
1769786070542 0.16774655878543854 55
1769786070638 0.1658824384212494 56
1769786070732 0.15855468809604645 57
1769786070825 0.16133356094360352 58
1769786070922 0.16488498449325562 59
1769786071047 0.17446847259998322 60
1769786071187 0.1453118771314621 61
1769786071422 0.15968827903270721 62
1769786071662 0.15740522742271423 63
1769786071917 0.16867707669734955 64
1769786072031 0.13383066654205322 65
1769786072124 0.16989396512508392 66
1769786072216 0.15724068880081177 67
1769786072306 0.1430642306804657 68
1769786072405 0.14065977931022644 69
1769786072510 0.14274126291275024 70
1769786072612 0.14426672458648682 71
1769786072708 0.15565729141235352 72
1769786072807 0.1429307609796524 73
1769786072912 0.1400909125804901 74
1769786073031 0.1269085556268692 75
1769786073122 0.16137461364269257 76
1769786073214 0.14511525630950928 77
1769786073304 0.1456918716430664 78
1769786073403 0.12556622922420502 79
1769786073577 0.13769301772117615 80
1769786073730 0.15909914672374725 81
1769786073828 0.1362612098455429 82
1769786073924 0.130362406373024 83
1769786074041 0.1357581615447998 84
1769786074198 0.13163545727729797 85
1769786074320 0.12937414646148682 86
1769786074420 0.12150686234235764 87
1769786074514 0.13746687769889832 88
1769786074610 0.11713389307260513 89
1769786074719 0.1113925352692604 90
1769786074818 0.11830209940671921 91
1769786074929 0.14181315898895264 92
1769786075045 0.12128973752260208 93
1769786075133 0.1269899308681488 94
1769786075223 0.11571431905031204 95
1769786075317 0.11930103600025177 96
1769786075429 0.11292620003223419 97
1769786075621 0.12725985050201416 98
1769786075725 0.11097244918346405 99
1769786075824 0.11861137300729752 100
1769786075920 0.12221815437078476 101
1769786076015 0.10424589365720749 102
1769786076108 0.1108378991484642 103
1769786076198 0.11064688861370087 104
1769786076292 0.12693068385124207 105
1769786076383 0.10877648741006851 106
1769786076477 0.09584799408912659 107
1769786076574 0.1160585880279541 108
1769786076663 0.10873062163591385 109
1769786076757 0.10627959668636322 110
1769786076864 0.10681374371051788 111
1769786076964 0.10852286219596863 112
1769786077054 0.12544965744018555 113
1769786077145 0.09754165261983871 114
1769786077237 0.10167350620031357 115
1769786077344 0.1034836694598198 116
1769786077436 0.09972809255123138 117
1769786077532 0.11942537128925323 118
1769786077628 0.09169722348451614 119
1769786077721 0.08499775826931 120
1769786077814 0.10029616951942444 121
1769786077904 0.09467291831970215 122
1769786078002 0.10411989688873291 123
1769786078099 0.08667954802513123 124
1769786078194 0.09855694323778152 125
1769786078280 0.09892492741346359 126
1769786078377 0.10461892187595367 127
1769786078479 0.10766114294528961 128
1769786078619 0.10542222112417221 129
1769786078716 0.10405908524990082 130
1769786078810 0.09347978234291077 131
1769786078899 0.09045325964689255 132
1769786078994 0.0868421420454979 133
1769786079098 0.09331335872411728 134
1769786079187 0.08385910838842392 135
1769786079277 0.08927880972623825 136
1769786079369 0.0873882919549942 137
1769786079481 0.09013931453227997 138
1769786079602 0.08677507191896439 139
1769786079691 0.09702268242835999 140
1769786079786 0.0981922596693039 141
1769786079890 0.09281618148088455 142
1769786079981 0.08742164820432663 143
1769786080069 0.08879376947879791 144
1769786080178 0.09354311972856522 145
1769786080266 0.10186769813299179 146
1769786080356 0.08339301496744156 147
1769786080446 0.08106231689453125 148
1769786080539 0.07602137327194214 149
1769786080638 0.08990804851055145 150
1769786080730 0.0782143622636795 151
1769786080828 0.07269178330898285 152
1769786080918 0.078316330909729 153
1769786081012 0.09002260118722916 154
1769786081110 0.06940324604511261 155
1769786081209 0.076552614569664 156
1769786081339 0.08987783640623093 157
1769786081445 0.09987757354974747 158
1769786081560 0.06855262070894241 159
1769786081664 0.06679856777191162 160
1769786081757 0.07459849119186401 161
1769786081848 0.07619918137788773 162
1769786081946 0.09036145359277725 163
1769786082071 0.07537731528282166 164
1769786082181 0.0765632912516594 165
1769786082288 0.08593615889549255 166
1769786082405 0.08196625113487244 167
1769786082509 0.06512152403593063 168
1769786082647 0.07351908832788467 169
1769786082747 0.07380356639623642 170
1769786082845 0.08036980777978897 171
1769786082934 0.10068633407354355 172
1769786083047 0.0809188038110733 173
1769786083153 0.08756372332572937 174
1769786083248 0.06470809876918793 175
1769786083353 0.07617359608411789 176
1769786083476 0.06812337785959244 177
1769786083595 0.07697499543428421 178
1769786083700 0.08261677622795105 179
1769786083812 0.08053760230541229 180
