1769780179350 0.8598901033401489 0
1769780179475 0.9093406796455383 1
1769780179645 0.9258241653442383 2
1769780179775 0.9175823926925659 3
1769780179947 0.9148351550102234 4
1769780180099 0.9093406796455383 5
1769780180218 0.8983516693115234 6
1769780180353 0.8736263513565063 7
1769780180491 0.9038461446762085 8
1769780180605 0.9093406796455383 9
1769780180770 0.848901093006134 10
1769780180940 0.9203296899795532 11
1769780181150 0.8543956279754639 12
1769780181333 0.8241758346557617 13
1769780181510 0.8626373410224915 14
1769780181680 0.843406617641449 15
