1769780179350 0.9732946753501892 0
1769780179475 0.5625028610229492 1
1769780179645 0.30327051877975464 2
1769780179775 0.20540207624435425 3
1769780179947 0.313385009765625 4
1769780180099 0.18401525914669037 5
1769780180218 0.36166730523109436 6
1769780180353 0.17744074761867523 7
1769780180491 0.2344435602426529 8
1769780180605 0.1961705982685089 9
1769780180770 0.2634064257144928 10
1769780180940 0.1740702986717224 11
1769780181150 0.3144022226333618 12
1769780181333 0.3442944884300232 13
1769780181510 0.2705864906311035 14
1769780181680 0.3870914876461029 15
