1769784289145 0.656593382358551 0
1769784289288 0.8681318759918213 1
1769784289433 0.8983516693115234 2
1769784289573 0.9285714030265808 3
1769784289733 0.942307710647583 4
1769784289866 0.9450549483299255 5
1769784290003 0.9670329689979553 6
1769784290133 0.9642857313156128 7
1769784290292 0.9532967209815979 8
1769784290436 0.9615384340286255 9
1769784290613 0.9780219793319702 10
1769784290789 0.9697802066802979 11
1769784290960 0.9670329689979553 12
1769784291075 0.9807692170143127 13
1769784291219 0.9807692170143127 14
1769784291351 0.9807692170143127 15
1769784291481 0.9807692170143127 16
1769784291605 0.9862637519836426 17
1769784291754 0.9835164546966553 18
1769784291887 0.9835164546966553 19
1769784292016 0.9807692170143127 20
1769784292161 0.9752747416496277 21
1769784292297 0.9807692170143127 22
1769784292435 0.9725274443626404 23
1769784292585 0.9862637519836426 24
1769784292729 0.9780219793319702 25
