1769784289145 0.6172389984130859 0
1769784289288 0.34341639280319214 1
1769784289433 0.2790118455886841 2
1769784289573 0.20409031212329865 3
1769784289733 0.18635408580303192 4
1769784289866 0.15500657260417938 5
1769784290003 0.12984946370124817 6
1769784290133 0.11455177515745163 7
1769784290292 0.11713860929012299 8
1769784290436 0.11535913497209549 9
1769784290613 0.1005568876862526 10
1769784290789 0.08269508928060532 11
1769784290960 0.08198118209838867 12
1769784291075 0.0706699788570404 13
1769784291219 0.06966202706098557 14
1769784291351 0.06749771535396576 15
1769784291481 0.06826455146074295 16
1769784291605 0.0699988603591919 17
1769784291754 0.06979434192180634 18
1769784291887 0.05896018445491791 19
1769784292016 0.0616256520152092 20
1769784292161 0.0669611394405365 21
1769784292297 0.05779034644365311 22
1769784292435 0.05070330202579498 23
1769784292585 0.050726890563964844 24
1769784292729 0.050968464463949203 25
