1769784349982 0.5192307829856873 0
1769784350138 0.5824176073074341 1
1769784350291 0.5714285969734192 2
1769784350501 0.6730769276618958 3
1769784350652 0.6730769276618958 4
1769784350776 0.7005494236946106 5
1769784350983 0.7747252583503723 6
1769784351243 0.7582417726516724 7
1769784351386 0.7664835453033447 8
1769784351511 0.7884615659713745 9
1769784351625 0.8131868243217468 10
1769784351769 0.8186812996864319 11
1769784351883 0.8131868243217468 12
1769784351991 0.8461538553237915 13
1769784352182 0.8708791136741638 14
1769784352437 0.8571428656578064 15
1769784352562 0.8873626589775085 16
1769784352690 0.8763736486434937 17
1769784352802 0.8653846383094788 18
1769784352929 0.8873626589775085 19
1769784353052 0.901098906993866 20
1769784353169 0.8956043720245361 21
1769784353294 0.901098906993866 22
1769784353415 0.9038461446762085 23
1769784353531 0.901098906993866 24
1769784353651 0.8928571343421936 25
1769784353822 0.9093406796455383 26
1769784353933 0.8983516693115234 27
1769784354054 0.9230769276618958 28
1769784354182 0.8956043720245361 29
1769784354300 0.9230769276618958 30
1769784354431 0.9093406796455383 31
1769784354562 0.9313187003135681 32
1769784354788 0.9285714030265808 33
1769784355018 0.9203296899795532 34
1769784355228 0.9258241653442383 35
1769784355474 0.942307710647583 36
1769784355780 0.9230769276618958 37
1769784356018 0.9395604133605957 38
1769784356352 0.9532967209815979 39
1769784356583 0.9450549483299255 40
1769784356732 0.9368131756782532 41
1769784356857 0.9450549483299255 42
1769784357005 0.9368131756782532 43
1769784357122 0.9258241653442383 44
1769784357252 0.942307710647583 45
1769784357368 0.9560439586639404 46
1769784357485 0.9340659379959106 47
1769784357595 0.9450549483299255 48
1769784357717 0.9450549483299255 49
1769784357824 0.942307710647583 50
1769784357948 0.9532967209815979 51
1769784358066 0.9532967209815979 52
1769784358191 0.9450549483299255 53
1769784358308 0.958791196346283 54
1769784358429 0.9642857313156128 55
1769784358553 0.958791196346283 56
1769784358674 0.9532967209815979 57
1769784358796 0.9615384340286255 58
1769784358920 0.9478021860122681 59
1769784359103 0.942307710647583 60
1769784359259 0.9560439586639404 61
1769784359411 0.9615384340286255 62
1769784359522 0.958791196346283 63
1769784359695 0.958791196346283 64
1769784359821 0.9505494236946106 65
1769784359946 0.9560439586639404 66
1769784360201 0.958791196346283 67
1769784360447 0.9560439586639404 68
1769784360568 0.9532967209815979 69
1769784360837 0.9532967209815979 70
1769784360998 0.9478021860122681 71
1769784361119 0.9532967209815979 72
1769784361223 0.9532967209815979 73
1769784361339 0.9560439586639404 74
1769784361458 0.9560439586639404 75
1769784361597 0.9642857313156128 76
1769784361733 0.9725274443626404 77
1769784361897 0.9725274443626404 78
1769784362018 0.9725274443626404 79
1769784362133 0.9505494236946106 80
1769784362253 0.9725274443626404 81
1769784362436 0.9560439586639404 82
1769784362548 0.9697802066802979 83
1769784362686 0.9615384340286255 84
1769784362811 0.9670329689979553 85
1769784362926 0.9642857313156128 86
1769784363048 0.9670329689979553 87
1769784363164 0.9560439586639404 88
1769784363347 0.9615384340286255 89
1769784363538 0.9725274443626404 90
1769784363797 0.9560439586639404 91
1769784363993 0.9642857313156128 92
1769784364169 0.9642857313156128 93
1769784364288 0.9615384340286255 94
1769784364443 0.9725274443626404 95
1769784364558 0.9780219793319702 96
1769784364675 0.9725274443626404 97
1769784364813 0.9752747416496277 98
1769784364958 0.9725274443626404 99
