1769784349982 0.7945313453674316 0
1769784350138 0.6798539161682129 1
1769784350291 0.6937373280525208 2
1769784350501 0.5935989022254944 3
1769784350652 0.599202036857605 4
1769784350776 0.553844690322876 5
1769784350983 0.5011137127876282 6
1769784351243 0.49695879220962524 7
1769784351386 0.47256550192832947 8
1769784351511 0.4428606927394867 9
1769784351625 0.43691253662109375 10
1769784351769 0.40967291593551636 11
1769784351883 0.39721444249153137 12
1769784351991 0.3650943338871002 13
1769784352182 0.3463119566440582 14
1769784352437 0.3632092773914337 15
1769784352562 0.3156067728996277 16
1769784352690 0.33412936329841614 17
1769784352802 0.32380035519599915 18
1769784352929 0.31311532855033875 19
1769784353052 0.3072007894515991 20
1769784353169 0.30298832058906555 21
1769784353294 0.2733757793903351 22
1769784353415 0.28172147274017334 23
1769784353531 0.2797548770904541 24
1769784353651 0.2685348689556122 25
1769784353822 0.26759907603263855 26
1769784353933 0.23976317048072815 27
1769784354054 0.22736801207065582 28
1769784354182 0.2681768536567688 29
1769784354300 0.23744553327560425 30
1769784354431 0.23830780386924744 31
1769784354562 0.22437554597854614 32
1769784354788 0.24092267453670502 33
1769784355018 0.2282029092311859 34
1769784355228 0.2295464724302292 35
1769784355474 0.21190765500068665 36
1769784355780 0.22352926433086395 37
1769784356018 0.201792374253273 38
1769784356352 0.17654021084308624 39
1769784356583 0.20267078280448914 40
1769784356732 0.19922608137130737 41
1769784356857 0.1963554471731186 42
1769784357005 0.17820586264133453 43
1769784357122 0.18624095618724823 44
1769784357252 0.18470212817192078 45
1769784357368 0.17473287880420685 46
1769784357485 0.19647985696792603 47
1769784357595 0.17515498399734497 48
1769784357717 0.1678246408700943 49
1769784357824 0.17026002705097198 50
1769784357948 0.16100245714187622 51
1769784358066 0.15905410051345825 52
1769784358191 0.15420004725456238 53
1769784358308 0.14883467555046082 54
1769784358429 0.15616679191589355 55
1769784358553 0.15098616480827332 56
1769784358674 0.14291143417358398 57
1769784358796 0.14727865159511566 58
1769784358920 0.15552498400211334 59
1769784359103 0.13169194757938385 60
1769784359259 0.15270650386810303 61
1769784359411 0.14986920356750488 62
1769784359522 0.1460912674665451 63
1769784359695 0.14432407915592194 64
1769784359821 0.14837117493152618 65
1769784359946 0.1488598734140396 66
1769784360201 0.12811747193336487 67
1769784360447 0.1491847187280655 68
1769784360568 0.13419127464294434 69
1769784360837 0.14495325088500977 70
1769784360998 0.13964316248893738 71
1769784361119 0.14199590682983398 72
1769784361223 0.1332665979862213 73
1769784361339 0.13042977452278137 74
1769784361458 0.12641078233718872 75
1769784361597 0.12251625210046768 76
1769784361733 0.11055488139390945 77
1769784361897 0.10803873091936111 78
1769784362018 0.10471417009830475 79
1769784362133 0.12146491557359695 80
1769784362253 0.10857463628053665 81
1769784362436 0.12562717497348785 82
1769784362548 0.11194386333227158 83
1769784362686 0.12080243229866028 84
1769784362811 0.11938510090112686 85
1769784362926 0.11791033297777176 86
1769784363048 0.11885682493448257 87
1769784363164 0.13621477782726288 88
1769784363347 0.12332860380411148 89
1769784363538 0.10901561379432678 90
1769784363797 0.11947400122880936 91
1769784363993 0.1030631735920906 92
1769784364169 0.10406042635440826 93
1769784364288 0.12025143206119537 94
1769784364443 0.09657424688339233 95
1769784364558 0.09934041649103165 96
1769784364675 0.11781034618616104 97
1769784364813 0.10978469997644424 98
1769784364958 0.10056407749652863 99
