1769786196795 0.6291208863258362 0
1769786196951 0.6675823926925659 1
1769786197107 0.6675823926925659 2
1769786197226 0.708791196346283 3
1769786197342 0.7280219793319702 4
1769786197464 0.7829670310020447 5
1769786197598 0.7664835453033447 6
1769786197741 0.7719780206680298 7
1769786197868 0.8104395866394043 8
1769786198036 0.8049450516700745 9
1769786198166 0.8324176073074341 10
1769786198276 0.8406593203544617 11
1769786198387 0.8626373410224915 12
1769786198500 0.8681318759918213 13
1769786198625 0.8763736486434937 14
1769786198756 0.8791208863258362 15
1769786198902 0.8791208863258362 16
1769786199044 0.8681318759918213 17
1769786199173 0.901098906993866 18
1769786199294 0.9120879173278809 19
1769786199402 0.9038461446762085 20
1769786199516 0.9203296899795532 21
1769786199632 0.9038461446762085 22
1769786199749 0.8983516693115234 23
1769786199902 0.9093406796455383 24
1769786200036 0.8873626589775085 25
1769786200197 0.8956043720245361 26
1769786200315 0.901098906993866 27
1769786200427 0.9203296899795532 28
1769786200540 0.9148351550102234 29
1769786200663 0.9120879173278809 30
1769786200781 0.9148351550102234 31
1769786200911 0.9230769276618958 32
1769786201088 0.8956043720245361 33
1769786201221 0.9285714030265808 34
1769786201332 0.9258241653442383 35
1769786201464 0.9203296899795532 36
1769786201580 0.9258241653442383 37
1769786201713 0.9340659379959106 38
1769786201884 0.9148351550102234 39
1769786202005 0.9175823926925659 40
1769786202164 0.9203296899795532 41
1769786202356 0.9313187003135681 42
1769786202476 0.9285714030265808 43
1769786202605 0.9230769276618958 44
1769786202727 0.9230769276618958 45
1769786202846 0.942307710647583 46
1769786202964 0.9450549483299255 47
1769786203080 0.942307710647583 48
1769786203201 0.9230769276618958 49
1769786203371 0.942307710647583 50
1769786203488 0.9450549483299255 51
1769786203602 0.9340659379959106 52
1769786203723 0.9285714030265808 53
1769786203830 0.942307710647583 54
1769786203967 0.9478021860122681 55
1769786204080 0.9478021860122681 56
1769786204207 0.9450549483299255 57
1769786204334 0.942307710647583 58
1769786204458 0.9478021860122681 59
1769786204588 0.9560439586639404 60
1769786204715 0.9505494236946106 61
1769786204831 0.9313187003135681 62
1769786204963 0.9450549483299255 63
1769786205068 0.9532967209815979 64
1769786205200 0.9450549483299255 65
1769786205341 0.9532967209815979 66
1769786205460 0.9560439586639404 67
1769786205585 0.9450549483299255 68
1769786205710 0.9642857313156128 69
1769786205823 0.9532967209815979 70
1769786205944 0.9505494236946106 71
1769786206065 0.9615384340286255 72
1769786206173 0.9532967209815979 73
1769786206305 0.9670329689979553 74
1769786206442 0.9450549483299255 75
1769786206555 0.9532967209815979 76
1769786206702 0.9505494236946106 77
1769786206831 0.9642857313156128 78
1769786206953 0.9505494236946106 79
1769786207070 0.9615384340286255 80
1769786207181 0.9560439586639404 81
1769786207305 0.9670329689979553 82
1769786207435 0.9560439586639404 83
1769786207546 0.9670329689979553 84
1769786207666 0.9532967209815979 85
1769786207804 0.9697802066802979 86
1769786207942 0.9560439586639404 87
1769786208052 0.9670329689979553 88
1769786208167 0.9642857313156128 89
1769786208285 0.9615384340286255 90
1769786208418 0.9532967209815979 91
1769786208528 0.9560439586639404 92
1769786208639 0.9642857313156128 93
1769786208773 0.9615384340286255 94
1769786208995 0.9615384340286255 95
1769786209128 0.9560439586639404 96
1769786209249 0.9697802066802979 97
1769786209370 0.9642857313156128 98
1769786209507 0.9615384340286255 99
1769786209619 0.958791196346283 100
1769786209733 0.9670329689979553 101
1769786209841 0.9615384340286255 102
1769786209971 0.9697802066802979 103
1769786210103 0.958791196346283 104
1769786210222 0.9670329689979553 105
1769786210326 0.9670329689979553 106
1769786210458 0.9615384340286255 107
1769786210568 0.9752747416496277 108
1769786210682 0.9505494236946106 109
1769786210809 0.9697802066802979 110
1769786210940 0.958791196346283 111
1769786211052 0.9697802066802979 112
1769786211182 0.9725274443626404 113
1769786211319 0.9670329689979553 114
1769786211444 0.9725274443626404 115
1769786211569 0.9752747416496277 116
1769786211686 0.9505494236946106 117
1769786211814 0.9725274443626404 118
1769786211940 0.9697802066802979 119
1769786212070 0.9697802066802979 120
1769786212191 0.9752747416496277 121
1769786212319 0.9862637519836426 122
1769786212452 0.9780219793319702 123
1769786212583 0.9697802066802979 124
1769786212699 0.9835164546966553 125
1769786212826 0.9780219793319702 126
1769786212971 0.9670329689979553 127
1769786213078 0.9780219793319702 128
1769786213189 0.9725274443626404 129
1769786213309 0.9752747416496277 130
1769786213461 0.9697802066802979 131
1769786213589 0.9807692170143127 132
1769786213708 0.9752747416496277 133
1769786213816 0.9642857313156128 134
1769786213951 0.9752747416496277 135
1769786214064 0.9752747416496277 136
1769786214172 0.9862637519836426 137
1769786214276 0.9780219793319702 138
1769786214396 0.9807692170143127 139
1769786214548 0.9780219793319702 140
1769786214670 0.9807692170143127 141
1769786214792 0.9725274443626404 142
1769786214911 0.9835164546966553 143
1769786215046 0.9725274443626404 144
1769786215156 0.9780219793319702 145
1769786215259 0.9697802066802979 146
1769786215370 0.9697802066802979 147
1769786215501 0.9807692170143127 148
1769786215651 0.9752747416496277 149
1769786215766 0.9835164546966553 150
1769786215894 0.9835164546966553 151
1769786216026 0.9697802066802979 152
1769786216139 0.9890109896659851 153
1769786216245 0.9752747416496277 154
1769786216357 0.9862637519836426 155
1769786216486 0.9807692170143127 156
1769786216635 0.9835164546966553 157
1769786216796 0.9780219793319702 158
1769786216912 0.9835164546966553 159
1769786217111 0.9807692170143127 160
1769786217244 0.9697802066802979 161
1769786217373 0.9835164546966553 162
1769786217536 0.9780219793319702 163
1769786217717 0.9890109896659851 164
1769786217961 0.9807692170143127 165
1769786218131 0.9780219793319702 166
1769786218308 0.9862637519836426 167
1769786218452 0.9807692170143127 168
1769786218594 0.9752747416496277 169
1769786218719 0.9862637519836426 170
1769786218835 0.9835164546966553 171
1769786218986 0.9835164546966553 172
1769786219149 0.9752747416496277 173
1769786219273 0.9862637519836426 174
1769786219380 0.9862637519836426 175
1769786219485 0.9807692170143127 176
1769786219601 0.9835164546966553 177
1769786219733 0.9642857313156128 178
1769786219843 0.9780219793319702 179
1769786219966 0.9862637519836426 180
1769786220131 0.9780219793319702 181
1769786220257 0.9807692170143127 182
1769786220369 0.9862637519836426 183
1769786220482 0.9780219793319702 184
1769786220590 0.9780219793319702 185
1769786220705 0.9862637519836426 186
1769786220818 0.9835164546966553 187
1769786220925 0.9725274443626404 188
1769786221056 0.9862637519836426 189
1769786221200 0.9807692170143127 190
1769786221356 0.9835164546966553 191
1769786221462 0.9807692170143127 192
1769786221567 0.9862637519836426 193
1769786221675 0.9835164546966553 194
1769786221782 0.9780219793319702 195
1769786221893 0.9835164546966553 196
1769786222022 0.9807692170143127 197
1769786222167 0.9835164546966553 198
1769786222290 0.9752747416496277 199
1769786222419 0.9835164546966553 200
1769786222539 0.9862637519836426 201
1769786222678 0.9752747416496277 202
1769786222793 0.9862637519836426 203
1769786222907 0.9807692170143127 204
1769786223043 0.9835164546966553 205
1769786223181 0.9890109896659851 206
1769786223324 0.9890109896659851 207
1769786223435 0.9807692170143127 208
1769786223574 0.9890109896659851 209
1769786223705 0.9807692170143127 210
1769786223832 0.9752747416496277 211
1769786223983 0.9862637519836426 212
1769786224118 0.9862637519836426 213
1769786224244 0.9890109896659851 214
1769786224367 0.9862637519836426 215
1769786224476 0.9835164546966553 216
1769786224597 0.9807692170143127 217
1769786224720 0.9917582273483276 218
1769786224832 0.9835164546966553 219
1769786224949 0.9890109896659851 220
1769786225085 0.9890109896659851 221
1769786225209 0.9862637519836426 222
1769786225341 0.9890109896659851 223
1769786225451 0.9862637519836426 224
1769786225557 0.9807692170143127 225
1769786225672 0.9890109896659851 226
1769786225810 0.9890109896659851 227
1769786225918 0.9917582273483276 228
1769786226038 0.9890109896659851 229
1769786226155 0.9890109896659851 230
1769786226279 0.9807692170143127 231
1769786226392 0.9890109896659851 232
