1769786196795 0.6507139801979065 0
1769786196951 0.6924023032188416 1
1769786197107 0.6691831350326538 2
1769786197226 0.584009051322937 3
1769786197342 0.602378249168396 4
1769786197464 0.540971040725708 5
1769786197598 0.5401382446289062 6
1769786197741 0.5025402903556824 7
1769786197868 0.4856487810611725 8
1769786198036 0.4437709152698517 9
1769786198166 0.42544496059417725 10
1769786198276 0.41966816782951355 11
1769786198387 0.40134283900260925 12
1769786198500 0.3999561667442322 13
1769786198625 0.349099338054657 14
1769786198756 0.33971112966537476 15
1769786198902 0.32670456171035767 16
1769786199044 0.3450370132923126 17
1769786199173 0.332281231880188 18
1769786199294 0.3046743869781494 19
1769786199402 0.29753610491752625 20
1769786199516 0.27959680557250977 21
1769786199632 0.2866726219654083 22
1769786199749 0.2931400239467621 23
1769786199902 0.282545268535614 24
1769786200036 0.3080129623413086 25
1769786200197 0.2828097343444824 26
1769786200315 0.27185675501823425 27
1769786200427 0.2567090094089508 28
1769786200540 0.27306801080703735 29
1769786200663 0.26450830698013306 30
1769786200781 0.2544768452644348 31
1769786200911 0.246662899851799 32
1769786201088 0.2606019377708435 33
1769786201221 0.21999633312225342 34
1769786201332 0.2145060896873474 35
1769786201464 0.23348668217658997 36
1769786201580 0.22443915903568268 37
1769786201713 0.1909341663122177 38
1769786201884 0.22640636563301086 39
1769786202005 0.2143227458000183 40
1769786202164 0.22512249648571014 41
1769786202356 0.20781585574150085 42
1769786202476 0.20605382323265076 43
1769786202605 0.1979575753211975 44
1769786202727 0.19313602149486542 45
1769786202846 0.1942703127861023 46
1769786202964 0.17430688440799713 47
1769786203080 0.19076965749263763 48
1769786203201 0.20005056262016296 49
1769786203371 0.1805630624294281 50
1769786203488 0.19148361682891846 51
1769786203602 0.1742537021636963 52
1769786203723 0.16170287132263184 53
1769786203830 0.17451287806034088 54
1769786203967 0.1629183143377304 55
1769786204080 0.15927034616470337 56
1769786204207 0.17803175747394562 57
1769786204334 0.18079735338687897 58
1769786204458 0.1523490846157074 59
1769786204588 0.14858141541481018 60
1769786204715 0.1777958869934082 61
1769786204831 0.1678067296743393 62
1769786204963 0.15666444599628448 63
1769786205068 0.1346832811832428 64
1769786205200 0.14924149215221405 65
1769786205341 0.13571500778198242 66
1769786205460 0.13209733366966248 67
1769786205585 0.14055585861206055 68
1769786205710 0.13171818852424622 69
1769786205823 0.14693091809749603 70
1769786205944 0.12707602977752686 71
1769786206065 0.13723482191562653 72
1769786206173 0.13343031704425812 73
1769786206305 0.12335675954818726 74
1769786206442 0.13227911293506622 75
1769786206555 0.118270643055439 76
1769786206702 0.14224989712238312 77
1769786206831 0.1222861036658287 78
1769786206953 0.1304052472114563 79
1769786207070 0.11993295699357986 80
1769786207181 0.13072185218334198 81
1769786207305 0.1134871393442154 82
1769786207435 0.11996319890022278 83
1769786207546 0.11473135650157928 84
1769786207666 0.13006475567817688 85
1769786207804 0.09921274334192276 86
1769786207942 0.11255713552236557 87
1769786208052 0.1195361390709877 88
1769786208167 0.11800111830234528 89
1769786208285 0.11960189044475555 90
1769786208418 0.12083186954259872 91
1769786208528 0.12476067245006561 92
1769786208639 0.090683713555336 93
1769786208773 0.10154981911182404 94
1769786208995 0.11295266449451447 95
1769786209128 0.12666718661785126 96
1769786209249 0.09944155067205429 97
1769786209370 0.08820919692516327 98
1769786209507 0.10637888312339783 99
1769786209619 0.11510222405195236 100
1769786209733 0.09294623881578445 101
1769786209841 0.10648982226848602 102
1769786209971 0.10329978168010712 103
1769786210103 0.10848723351955414 104
1769786210222 0.09182391315698624 105
1769786210326 0.098297119140625 106
1769786210458 0.11362402886152267 107
1769786210568 0.08208579570055008 108
1769786210682 0.10697957128286362 109
1769786210809 0.10106150805950165 110
1769786210940 0.10363293439149857 111
1769786211052 0.09598501771688461 112
1769786211182 0.09335428476333618 113
1769786211319 0.10715591162443161 114
1769786211444 0.08440417051315308 115
1769786211569 0.07947777211666107 116
1769786211686 0.11173485964536667 117
1769786211814 0.09133780002593994 118
1769786211940 0.07961954921483994 119
1769786212070 0.08812009543180466 120
1769786212191 0.0826704129576683 121
1769786212319 0.0694647952914238 122
1769786212452 0.0841764435172081 123
1769786212583 0.08271083980798721 124
1769786212699 0.07708447426557541 125
1769786212826 0.07558536529541016 126
1769786212971 0.08533123135566711 127
1769786213078 0.08233841508626938 128
1769786213189 0.07352641969919205 129
1769786213309 0.07750973105430603 130
1769786213461 0.0941629633307457 131
1769786213589 0.0747126042842865 132
1769786213708 0.07331464439630508 133
1769786213816 0.09907480329275131 134
1769786213951 0.07673100382089615 135
1769786214064 0.08105786889791489 136
1769786214172 0.0673723891377449 137
1769786214276 0.07194006443023682 138
1769786214396 0.0618886798620224 139
1769786214548 0.07764631509780884 140
1769786214670 0.07652755081653595 141
1769786214792 0.08231644332408905 142
1769786214911 0.07708197087049484 143
1769786215046 0.08091393113136292 144
1769786215156 0.07449337095022202 145
1769786215259 0.07177048176527023 146
1769786215370 0.06860117614269257 147
1769786215501 0.0701320543885231 148
1769786215651 0.0750465989112854 149
1769786215766 0.06009577587246895 150
1769786215894 0.06347097456455231 151
1769786216026 0.07351333647966385 152
1769786216139 0.053701337426900864 153
1769786216245 0.07478398829698563 154
1769786216357 0.06456045806407928 155
1769786216486 0.06218268722295761 156
1769786216635 0.06568282842636108 157
1769786216796 0.08385851979255676 158
1769786216912 0.06034189835190773 159
1769786217111 0.05822020769119263 160
1769786217244 0.0711568221449852 161
1769786217373 0.0628935918211937 162
1769786217536 0.06533484905958176 163
1769786217717 0.055240992456674576 164
1769786217961 0.055946752429008484 165
1769786218131 0.0633862242102623 166
1769786218308 0.05562803894281387 167
1769786218452 0.05682190880179405 168
1769786218594 0.06320985406637192 169
1769786218719 0.046915579587221146 170
1769786218835 0.05589216202497482 171
1769786218986 0.06973239034414291 172
1769786219149 0.06299807131290436 173
1769786219273 0.054421618580818176 174
1769786219380 0.05362239107489586 175
1769786219485 0.06513167172670364 176
1769786219601 0.057267460972070694 177
1769786219733 0.06811174005270004 178
1769786219843 0.05855826660990715 179
1769786219966 0.05320334807038307 180
1769786220131 0.0582788847386837 181
1769786220257 0.05893069505691528 182
1769786220369 0.052598193287849426 183
1769786220482 0.05257145315408707 184
1769786220590 0.061586447060108185 185
1769786220705 0.05741339549422264 186
1769786220818 0.05216322839260101 187
1769786220925 0.06471818685531616 188
1769786221056 0.05219946801662445 189
1769786221200 0.058086372911930084 190
1769786221356 0.053210023790597916 191
1769786221462 0.0561683252453804 192
1769786221567 0.04794662445783615 193
1769786221675 0.05312670022249222 194
1769786221782 0.059433888643980026 195
1769786221893 0.04676610976457596 196
1769786222022 0.06574606895446777 197
1769786222167 0.05899839103221893 198
1769786222290 0.0552019439637661 199
1769786222419 0.049369927495718 200
1769786222539 0.04569277539849281 201
1769786222678 0.062106356024742126 202
1769786222793 0.044343460351228714 203
1769786222907 0.05369526892900467 204
1769786223043 0.043927498161792755 205
1769786223181 0.044491879642009735 206
1769786223324 0.041796158999204636 207
1769786223435 0.05004739761352539 208
1769786223574 0.05168512463569641 209
1769786223705 0.048284489661455154 210
1769786223832 0.05887151509523392 211
1769786223983 0.05521920323371887 212
1769786224118 0.044431351125240326 213
1769786224244 0.03789940103888512 214
1769786224367 0.050225723534822464 215
1769786224476 0.04370308294892311 216
1769786224597 0.04907314106822014 217
1769786224720 0.04438721016049385 218
1769786224832 0.05297263711690903 219
1769786224949 0.05843862146139145 220
1769786225085 0.03988610953092575 221
1769786225209 0.041056178510189056 222
1769786225341 0.04890909790992737 223
1769786225451 0.04525366052985191 224
1769786225557 0.04448280110955238 225
1769786225672 0.03949914500117302 226
1769786225810 0.04293380677700043 227
1769786225918 0.045614950358867645 228
1769786226038 0.03724795579910278 229
1769786226155 0.04405607655644417 230
1769786226279 0.05057890713214874 231
1769786226392 0.04628972336649895 232
