1769786140103 0.5329670310020447 0
1769786140219 0.6071428656578064 1
1769786140334 0.6071428656578064 2
1769786140455 0.6950549483299255 3
1769786140572 0.6950549483299255 4
1769786140686 0.7280219793319702 5
1769786140880 0.7884615659713745 6
1769786141010 0.7829670310020447 7
1769786141128 0.7967032790184021 8
1769786141236 0.8159340620040894 9
1769786141375 0.843406617641449 10
1769786141485 0.8516483306884766 11
1769786141642 0.8324176073074341 12
1769786141781 0.8763736486434937 13
1769786141955 0.8736263513565063 14
1769786142171 0.8818681240081787 15
1769786142321 0.8956043720245361 16
1769786142454 0.9093406796455383 17
1769786142573 0.8983516693115234 18
1769786142696 0.9175823926925659 19
1769786142838 0.9175823926925659 20
1769786142963 0.9175823926925659 21
1769786143077 0.9203296899795532 22
1769786143238 0.906593382358551 23
1769786143375 0.9148351550102234 24
1769786143484 0.9120879173278809 25
1769786143592 0.906593382358551 26
1769786143689 0.9203296899795532 27
1769786143794 0.9313187003135681 28
1769786143902 0.906593382358551 29
1769786144102 0.9313187003135681 30
1769786144227 0.9203296899795532 31
1769786144368 0.9340659379959106 32
1769786144488 0.9258241653442383 33
1769786144608 0.942307710647583 34
1769786144738 0.9395604133605957 35
1769786144843 0.9368131756782532 36
1769786144937 0.9313187003135681 37
1769786145031 0.9450549483299255 38
1769786145121 0.9478021860122681 39
1769786145221 0.9532967209815979 40
1769786145387 0.942307710647583 41
1769786145547 0.9532967209815979 42
1769786145650 0.9478021860122681 43
1769786145768 0.9258241653442383 44
1769786145859 0.9478021860122681 45
1769786145947 0.9560439586639404 46
1769786146061 0.9395604133605957 47
1769786146162 0.9368131756782532 48
1769786146325 0.942307710647583 49
1769786146439 0.9505494236946106 50
1769786146532 0.9560439586639404 51
1769786146631 0.9532967209815979 52
1769786146723 0.9505494236946106 53
1769786146818 0.958791196346283 54
1769786146916 0.9670329689979553 55
1769786147007 0.9642857313156128 56
1769786147108 0.9615384340286255 57
1769786147217 0.9560439586639404 58
1769786147306 0.958791196346283 59
1769786147397 0.9505494236946106 60
1769786147488 0.9670329689979553 61
1769786147587 0.9642857313156128 62
1769786147698 0.9670329689979553 63
1769786147843 0.9642857313156128 64
1769786147938 0.9642857313156128 65
1769786148110 0.9505494236946106 66
1769786148303 0.9725274443626404 67
1769786148446 0.958791196346283 68
1769786148540 0.958791196346283 69
1769786148642 0.958791196346283 70
1769786148774 0.9560439586639404 71
1769786148872 0.9642857313156128 72
1769786148968 0.958791196346283 73
1769786149060 0.9697802066802979 74
1769786149159 0.9670329689979553 75
1769786149251 0.9642857313156128 76
1769786149340 0.9752747416496277 77
1769786149434 0.9780219793319702 78
1769786149574 0.9752747416496277 79
1769786149688 0.9670329689979553 80
1769786150100 0.9752747416496277 81
1769786150299 0.958791196346283 82
1769786150537 0.9697802066802979 83
1769786150770 0.9725274443626404 84
1769786150920 0.9780219793319702 85
1769786151035 0.9697802066802979 86
1769786151209 0.9670329689979553 87
1769786151410 0.9642857313156128 88
1769786151510 0.9642857313156128 89
1769786151603 0.9780219793319702 90
1769786151698 0.9670329689979553 91
1769786151807 0.9752747416496277 92
1769786151900 0.9697802066802979 93
1769786152027 0.9752747416496277 94
1769786152138 0.9670329689979553 95
1769786152242 0.9807692170143127 96
1769786152341 0.9780219793319702 97
1769786152473 0.9780219793319702 98
1769786152609 0.9752747416496277 99
1769786152795 0.9780219793319702 100
1769786152940 0.9807692170143127 101
1769786153069 0.9670329689979553 102
1769786153200 0.9780219793319702 103
1769786153359 0.9725274443626404 104
1769786153474 0.9807692170143127 105
1769786153584 0.9697802066802979 106
1769786153676 0.9752747416496277 107
1769786153779 0.9835164546966553 108
1769786153873 0.9780219793319702 109
1769786153968 0.9697802066802979 110
1769786154056 0.9807692170143127 111
1769786154150 0.9835164546966553 112
1769786154240 0.9725274443626404 113
1769786154332 0.9835164546966553 114
1769786154435 0.9725274443626404 115
1769786154568 0.9835164546966553 116
1769786154735 0.9807692170143127 117
1769786154891 0.9752747416496277 118
1769786154984 0.9835164546966553 119
1769786155075 0.9697802066802979 120
1769786155162 0.9752747416496277 121
1769786155254 0.9890109896659851 122
1769786155367 0.9862637519836426 123
1769786155490 0.9862637519836426 124
1769786155603 0.9752747416496277 125
1769786155693 0.9807692170143127 126
1769786155790 0.9807692170143127 127
1769786155912 0.9807692170143127 128
1769786156052 0.9780219793319702 129
1769786156155 0.9725274443626404 130
1769786156247 0.9807692170143127 131
1769786156348 0.9807692170143127 132
1769786156457 0.9780219793319702 133
1769786156558 0.9835164546966553 134
1769786156683 0.9862637519836426 135
1769786156777 0.9752747416496277 136
1769786156870 0.9807692170143127 137
1769786156959 0.9752747416496277 138
1769786157047 0.9780219793319702 139
1769786157138 0.9862637519836426 140
1769786157283 0.9890109896659851 141
1769786157448 0.9807692170143127 142
1769786157573 0.9752747416496277 143
1769786157730 0.9807692170143127 144
1769786157830 0.9890109896659851 145
1769786157939 0.9862637519836426 146
1769786158059 0.9807692170143127 147
1769786158159 0.9862637519836426 148
1769786158283 0.9835164546966553 149
1769786158405 0.9862637519836426 150
1769786158504 0.9862637519836426 151
1769786158599 0.9862637519836426 152
1769786158688 0.9752747416496277 153
1769786158780 0.9835164546966553 154
1769786158890 0.9807692170143127 155
1769786158979 0.9890109896659851 156
1769786159070 0.9862637519836426 157
