1769786140103 0.7645143866539001 0
1769786140219 0.663752019405365 1
1769786140334 0.6637199521064758 2
1769786140455 0.5732216238975525 3
1769786140572 0.5841134786605835 4
1769786140686 0.5278063416481018 5
1769786140880 0.4861257076263428 6
1769786141010 0.4814283847808838 7
1769786141128 0.4421880841255188 8
1769786141236 0.4200380742549896 9
1769786141375 0.41115546226501465 10
1769786141485 0.38061997294425964 11
1769786141642 0.37568455934524536 12
1769786141781 0.33873841166496277 13
1769786141955 0.3287925720214844 14
1769786142171 0.3445855975151062 15
1769786142321 0.29691559076309204 16
1769786142454 0.3049897849559784 17
1769786142573 0.28465330600738525 18
1769786142696 0.2888410985469818 19
1769786142838 0.27688175439834595 20
1769786142963 0.2788255214691162 21
1769786143077 0.254102885723114 22
1769786143238 0.2597934901714325 23
1769786143375 0.25545093417167664 24
1769786143484 0.25333067774772644 25
1769786143592 0.2547675371170044 26
1769786143689 0.21905000507831573 27
1769786143794 0.2150191217660904 28
1769786143902 0.2492390125989914 29
1769786144102 0.2152521163225174 30
1769786144227 0.2204694002866745 31
1769786144368 0.21050840616226196 32
1769786144488 0.21857482194900513 33
1769786144608 0.1915324479341507 34
1769786144738 0.2087809443473816 35
1769786144843 0.19607849419116974 36
1769786144937 0.20521828532218933 37
1769786145031 0.18719393014907837 38
1769786145121 0.16967609524726868 39
1769786145221 0.17857380211353302 40
1769786145387 0.18504025042057037 41
1769786145547 0.1707206815481186 42
1769786145650 0.1663997620344162 43
1769786145768 0.17285890877246857 44
1769786145859 0.164815291762352 45
1769786145947 0.15939593315124512 46
1769786146061 0.17820455133914948 47
1769786146162 0.16314364969730377 48
1769786146325 0.16215619444847107 49
1769786146439 0.1496122181415558 50
1769786146532 0.143966406583786 51
1769786146631 0.14781540632247925 52
1769786146723 0.1407300978899002 53
1769786146818 0.13670355081558228 54
1769786146916 0.14626359939575195 55
1769786147007 0.13725358247756958 56
1769786147108 0.1270444542169571 57
1769786147217 0.13698716461658478 58
1769786147306 0.13563968241214752 59
1769786147397 0.12222369760274887 60
1769786147488 0.1390286684036255 61
1769786147587 0.1282529979944229 62
1769786147698 0.13632938265800476 63
1769786147843 0.13399705290794373 64
1769786147938 0.1252736747264862 65
1769786148110 0.13269390165805817 66
1769786148303 0.11564912647008896 67
1769786148446 0.1343846619129181 68
1769786148540 0.12611868977546692 69
1769786148642 0.12884895503520966 70
1769786148774 0.1292191594839096 71
1769786148872 0.13467708230018616 72
1769786148968 0.1187412217259407 73
1769786149060 0.10749813914299011 74
1769786149159 0.10844457894563675 75
1769786149251 0.11597728729248047 76
1769786149340 0.09582983702421188 77
1769786149434 0.09482181817293167 78
1769786149574 0.09867850691080093 79
1769786149688 0.1048869863152504 80
1769786150100 0.10040395706892014 81
1769786150299 0.11387468874454498 82
1769786150537 0.10247991234064102 83
1769786150770 0.10465722531080246 84
1769786150920 0.10351666063070297 85
1769786151035 0.1070374995470047 86
1769786151209 0.11185918748378754 87
1769786151410 0.11100282520055771 88
1769786151510 0.10682538151741028 89
1769786151603 0.09580624848604202 90
1769786151698 0.10154546797275543 91
1769786151807 0.09268536418676376 92
1769786151900 0.0966426432132721 93
1769786152027 0.09948067367076874 94
1769786152138 0.09490427374839783 95
1769786152242 0.09026839584112167 96
1769786152341 0.10393141955137253 97
1769786152473 0.09469319134950638 98
1769786152609 0.08725789934396744 99
1769786152795 0.08952516317367554 100
1769786152940 0.07715578377246857 101
1769786153069 0.10058880597352982 102
1769786153200 0.0738689973950386 103
1769786153359 0.09298061579465866 104
1769786153474 0.07598243653774261 105
1769786153584 0.08279719948768616 106
1769786153676 0.08567110449075699 107
1769786153779 0.08272922784090042 108
1769786153873 0.08044061064720154 109
1769786153968 0.08858031779527664 110
1769786154056 0.06779798120260239 111
1769786154150 0.07375216484069824 112
1769786154240 0.08306082338094711 113
1769786154332 0.0807957798242569 114
1769786154435 0.07626573741436005 115
1769786154568 0.07673286646604538 116
1769786154735 0.07555966079235077 117
1769786154891 0.08902668952941895 118
1769786154984 0.06989464908838272 119
1769786155075 0.07650972902774811 120
1769786155162 0.0810353085398674 121
1769786155254 0.05074137821793556 122
1769786155367 0.06921526044607162 123
1769786155490 0.07016490399837494 124
1769786155603 0.07750152051448822 125
1769786155693 0.07330548018217087 126
1769786155790 0.06414416432380676 127
1769786155912 0.08416056632995605 128
1769786156052 0.078241266310215 129
1769786156155 0.08789386600255966 130
1769786156247 0.07004822790622711 131
1769786156348 0.07595103979110718 132
1769786156457 0.06512739509344101 133
1769786156558 0.0683336853981018 134
1769786156683 0.04880927503108978 135
1769786156777 0.07087469846010208 136
1769786156870 0.08143319934606552 137
1769786156959 0.06315457075834274 138
1769786157047 0.06881147623062134 139
1769786157138 0.06101056560873985 140
1769786157283 0.06447190046310425 141
1769786157448 0.07631369680166245 142
1769786157573 0.06117280572652817 143
1769786157730 0.06427659839391708 144
1769786157830 0.05428773909807205 145
1769786157939 0.05395381152629852 146
1769786158059 0.06800521910190582 147
1769786158159 0.058332473039627075 148
1769786158283 0.06385399401187897 149
1769786158405 0.05766940861940384 150
1769786158504 0.05787315592169762 151
1769786158599 0.06219681724905968 152
1769786158688 0.06375797837972641 153
1769786158780 0.06560999155044556 154
1769786158890 0.05753332003951073 155
1769786158979 0.05220356956124306 156
1769786159070 0.05885817110538483 157
