1769784406869 0.5192307829856873 0
1769784407065 0.5824176073074341 1
1769784407194 0.5714285969734192 2
1769784407311 0.6730769276618958 3
1769784407462 0.6730769276618958 4
1769784407590 0.7005494236946106 5
1769784407724 0.7747252583503723 6
1769784407849 0.7582417726516724 7
1769784407968 0.7664835453033447 8
1769784408093 0.7884615659713745 9
1769784408214 0.8131868243217468 10
1769784408335 0.8186812996864319 11
1769784408456 0.8131868243217468 12
1769784408593 0.8461538553237915 13
1769784408704 0.8708791136741638 14
1769784408818 0.8571428656578064 15
1769784408937 0.8873626589775085 16
1769784409093 0.8763736486434937 17
1769784409211 0.8653846383094788 18
1769784409336 0.8873626589775085 19
1769784409449 0.901098906993866 20
1769784409584 0.8956043720245361 21
1769784409731 0.901098906993866 22
1769784409871 0.9038461446762085 23
1769784409999 0.901098906993866 24
1769784410132 0.8928571343421936 25
1769784410243 0.9093406796455383 26
1769784410354 0.8983516693115234 27
1769784410477 0.9230769276618958 28
1769784410604 0.8956043720245361 29
1769784410721 0.9230769276618958 30
1769784410860 0.9093406796455383 31
1769784410977 0.9313187003135681 32
1769784411093 0.9285714030265808 33
1769784411211 0.9203296899795532 34
1769784411342 0.9258241653442383 35
1769784411536 0.942307710647583 36
1769784411656 0.9230769276618958 37
1769784411789 0.9395604133605957 38
1769784411959 0.9532967209815979 39
1769784412158 0.9450549483299255 40
1769784412299 0.9368131756782532 41
1769784412532 0.9450549483299255 42
1769784412836 0.9368131756782532 43
1769784413006 0.9258241653442383 44
1769784413176 0.942307710647583 45
1769784413351 0.9560439586639404 46
1769784413633 0.9340659379959106 47
1769784413836 0.9450549483299255 48
1769784413995 0.9450549483299255 49
1769784414119 0.942307710647583 50
1769784414291 0.9532967209815979 51
1769784414408 0.9532967209815979 52
1769784414530 0.9450549483299255 53
1769784414708 0.958791196346283 54
1769784414964 0.9642857313156128 55
1769784415115 0.958791196346283 56
1769784415261 0.9532967209815979 57
1769784415429 0.9615384340286255 58
1769784415589 0.9478021860122681 59
1769784415749 0.942307710647583 60
1769784415899 0.9560439586639404 61
1769784416055 0.9615384340286255 62
1769784416216 0.958791196346283 63
1769784416419 0.958791196346283 64
1769784416568 0.9505494236946106 65
1769784416708 0.9560439586639404 66
1769784416848 0.958791196346283 67
1769784416968 0.9560439586639404 68
1769784417096 0.9532967209815979 69
1769784417215 0.9532967209815979 70
1769784417371 0.9478021860122681 71
1769784417741 0.9532967209815979 72
1769784417901 0.9532967209815979 73
1769784418029 0.9560439586639404 74
1769784418263 0.9560439586639404 75
1769784418580 0.9642857313156128 76
1769784419019 0.9725274443626404 77
1769784419317 0.9725274443626404 78
1769784419601 0.9725274443626404 79
1769784419924 0.9505494236946106 80
1769784420126 0.9725274443626404 81
1769784420355 0.9560439586639404 82
1769784420718 0.9697802066802979 83
1769784420831 0.9615384340286255 84
1769784420984 0.9670329689979553 85
1769784421299 0.9642857313156128 86
1769784421431 0.9670329689979553 87
1769784421566 0.9560439586639404 88
1769784421796 0.9615384340286255 89
1769784422068 0.9725274443626404 90
1769784422388 0.9560439586639404 91
1769784422527 0.9642857313156128 92
1769784422700 0.9642857313156128 93
1769784422913 0.9615384340286255 94
1769784423059 0.9725274443626404 95
1769784423193 0.9780219793319702 96
1769784423319 0.9725274443626404 97
1769784423518 0.9752747416496277 98
1769784423660 0.9725274443626404 99
1769784423783 0.9752747416496277 100
1769784423899 0.9807692170143127 101
1769784424014 0.9615384340286255 102
1769784424131 0.9752747416496277 103
1769784424287 0.9642857313156128 104
1769784424454 0.9725274443626404 105
1769784424581 0.9725274443626404 106
1769784424726 0.9752747416496277 107
1769784424854 0.9752747416496277 108
1769784424990 0.9670329689979553 109
1769784425099 0.9725274443626404 110
1769784425221 0.9670329689979553 111
1769784425335 0.9835164546966553 112
1769784425446 0.9670329689979553 113
1769784425557 0.9725274443626404 114
1769784425668 0.9752747416496277 115
1769784425811 0.9780219793319702 116
1769784425940 0.9642857313156128 117
1769784426095 0.9725274443626404 118
1769784426206 0.9752747416496277 119
1769784426338 0.9752747416496277 120
1769784426464 0.9835164546966553 121
1769784426588 0.9807692170143127 122
1769784426710 0.9835164546966553 123
1769784426846 0.9752747416496277 124
1769784426989 0.9780219793319702 125
1769784427104 0.9752747416496277 126
1769784427244 0.9725274443626404 127
1769784427358 0.9780219793319702 128
1769784427477 0.9780219793319702 129
1769784427593 0.9752747416496277 130
1769784427711 0.9752747416496277 131
1769784427840 0.9725274443626404 132
1769784427973 0.9780219793319702 133
1769784428100 0.9835164546966553 134
1769784428238 0.9945054650306702 135
1769784428353 0.9752747416496277 136
1769784428461 0.9780219793319702 137
1769784428584 0.9670329689979553 138
1769784428722 0.9752747416496277 139
1769784428828 0.9725274443626404 140
1769784428949 0.9862637519836426 141
1769784429101 0.9752747416496277 142
1769784429234 0.9780219793319702 143
1769784429393 0.9670329689979553 144
1769784429522 0.9835164546966553 145
1769784429634 0.9835164546966553 146
1769784429756 0.9725274443626404 147
1769784429870 0.9862637519836426 148
1769784429986 0.9807692170143127 149
1769784430137 0.9835164546966553 150
1769784430270 0.9807692170143127 151
1769784430383 0.9752747416496277 152
1769784430500 0.9780219793319702 153
