1769784406869 0.7945313453674316 0
1769784407065 0.6798539161682129 1
1769784407194 0.6937373280525208 2
1769784407311 0.5935989022254944 3
1769784407462 0.599202036857605 4
1769784407590 0.553844690322876 5
1769784407724 0.5011137127876282 6
1769784407849 0.49695879220962524 7
1769784407968 0.47256550192832947 8
1769784408093 0.4428606927394867 9
1769784408214 0.43691253662109375 10
1769784408335 0.40967291593551636 11
1769784408456 0.39721444249153137 12
1769784408593 0.3650943338871002 13
1769784408704 0.3463119566440582 14
1769784408818 0.3632092773914337 15
1769784408937 0.3156067728996277 16
1769784409093 0.33412936329841614 17
1769784409211 0.32380035519599915 18
1769784409336 0.31311532855033875 19
1769784409449 0.3072007894515991 20
1769784409584 0.30298832058906555 21
1769784409731 0.2733757793903351 22
1769784409871 0.28172147274017334 23
1769784409999 0.2797548770904541 24
1769784410132 0.2685348689556122 25
1769784410243 0.26759907603263855 26
1769784410354 0.23976317048072815 27
1769784410477 0.22736801207065582 28
1769784410604 0.2681768536567688 29
1769784410721 0.23744553327560425 30
1769784410860 0.23830780386924744 31
1769784410977 0.22437554597854614 32
1769784411093 0.24092267453670502 33
1769784411211 0.2282029092311859 34
1769784411342 0.2295464724302292 35
1769784411536 0.21190765500068665 36
1769784411656 0.22352926433086395 37
1769784411789 0.201792374253273 38
1769784411959 0.17654021084308624 39
1769784412158 0.20267078280448914 40
1769784412299 0.19922608137130737 41
1769784412532 0.1963554471731186 42
1769784412836 0.17820586264133453 43
1769784413006 0.18624095618724823 44
1769784413176 0.18470212817192078 45
1769784413351 0.17473287880420685 46
1769784413633 0.19647985696792603 47
1769784413836 0.17515498399734497 48
1769784413995 0.1678246408700943 49
1769784414119 0.17026002705097198 50
1769784414291 0.16100245714187622 51
1769784414408 0.15905410051345825 52
1769784414530 0.15420004725456238 53
1769784414708 0.14883467555046082 54
1769784414964 0.15616679191589355 55
1769784415115 0.15098616480827332 56
1769784415261 0.14291143417358398 57
1769784415429 0.14727865159511566 58
1769784415589 0.15552498400211334 59
1769784415749 0.13169194757938385 60
1769784415899 0.15270650386810303 61
1769784416055 0.14986920356750488 62
1769784416216 0.1460912674665451 63
1769784416419 0.14432407915592194 64
1769784416568 0.14837117493152618 65
1769784416708 0.1488598734140396 66
1769784416848 0.12811747193336487 67
1769784416968 0.1491847187280655 68
1769784417096 0.13419127464294434 69
1769784417215 0.14495325088500977 70
1769784417371 0.13964316248893738 71
1769784417741 0.14199590682983398 72
1769784417901 0.1332665979862213 73
1769784418029 0.13042977452278137 74
1769784418263 0.12641078233718872 75
1769784418580 0.12251625210046768 76
1769784419019 0.11055488139390945 77
1769784419317 0.10803873091936111 78
1769784419601 0.10471417009830475 79
1769784419924 0.12146491557359695 80
1769784420126 0.10857463628053665 81
1769784420355 0.12562717497348785 82
1769784420718 0.11194386333227158 83
1769784420831 0.12080243229866028 84
1769784420984 0.11938510090112686 85
1769784421299 0.11791033297777176 86
1769784421431 0.11885682493448257 87
1769784421566 0.13621477782726288 88
1769784421796 0.12332860380411148 89
1769784422068 0.10901561379432678 90
1769784422388 0.11947400122880936 91
1769784422527 0.1030631735920906 92
1769784422700 0.10406042635440826 93
1769784422913 0.12025143206119537 94
1769784423059 0.09657424688339233 95
1769784423193 0.09934041649103165 96
1769784423319 0.11781034618616104 97
1769784423518 0.10978469997644424 98
1769784423660 0.10056407749652863 99
1769784423783 0.1008724495768547 100
1769784423899 0.0881984606385231 101
1769784424014 0.10200387239456177 102
1769784424131 0.08523248136043549 103
1769784424287 0.10508798062801361 104
1769784424454 0.08634239435195923 105
1769784424581 0.08704281598329544 106
1769784424726 0.09046603739261627 107
1769784424854 0.09600553661584854 108
1769784424990 0.08329353481531143 109
1769784425099 0.0935431644320488 110
1769784425221 0.07999070733785629 111
1769784425335 0.0793871134519577 112
1769784425446 0.09680485725402832 113
1769784425557 0.09525270760059357 114
1769784425668 0.08518020063638687 115
1769784425811 0.08889136463403702 116
1769784425940 0.08941483497619629 117
1769784426095 0.09880363196134567 118
1769784426206 0.08858982473611832 119
1769784426338 0.0834028422832489 120
1769784426464 0.08633177727460861 121
1769784426588 0.057292718440294266 122
1769784426710 0.07808244973421097 123
1769784426846 0.08169908076524734 124
1769784426989 0.08024375885725021 125
1769784427104 0.0807141438126564 126
1769784427244 0.06945837289094925 127
1769784427358 0.09442077577114105 128
1769784427477 0.08673873543739319 129
1769784427593 0.08788412809371948 130
1769784427711 0.08819787949323654 131
1769784427840 0.09064824134111404 132
1769784427973 0.0752570778131485 133
1769784428100 0.07759209722280502 134
1769784428238 0.05342809483408928 135
1769784428353 0.08497360348701477 136
1769784428461 0.0883609727025032 137
1769784428584 0.07393389940261841 138
1769784428722 0.0765777975320816 139
1769784428828 0.07373208552598953 140
1769784428949 0.0723261684179306 141
1769784429101 0.08639901876449585 142
1769784429234 0.0804561972618103 143
1769784429393 0.07256914675235748 144
1769784429522 0.058309320360422134 145
1769784429634 0.06389088928699493 146
1769784429756 0.07242950797080994 147
1769784429870 0.06616201251745224 148
1769784429986 0.07244280725717545 149
1769784430137 0.06196447089314461 150
1769784430270 0.06828898936510086 151
1769784430383 0.07069186121225357 152
1769784430500 0.07213421911001205 153
